skipping 0 todo 1800
0 3.59
1 3.48
3 2.7
2 3.64
4 1.64
5 1.73
6 1.67
7 1.68
8 1.51
9 1.51
10 1.52
11 1.41
12 1.2
13 1.1
14 1.17
16 1.23
17 1.04
15 1.41
18 1.58
20 1.27
19 1.55
21 1.41
22 1.48
23 1.21
25 1.11
24 1.4
26 1.21
27 1.48
28 1.58
29 1.48
30 1.18
31 1.38
34 1.25
33 1.48
32 1.66
35 1.33
36 1.1
38 1.18
37 1.65
39 1.21
41 1.45
42 1.17
40 1.95
43 1.3
44 1.16
45 1.63
46 1.91
47 1.65
48 1.22
49 1.47
50 1.41
51 1.35
52 1.6
53 1.61
55 1.19
54 1.62
56 1.5
57 1.03
58 1.63
59 1.77
61 1.49
60 1.89
62 1.42
65 1.35
63 1.8
64 1.78
66 1.58
67 1.67
68 1.7
69 1.45
70 1.58
73 1.24
71 1.55
72 1.41
74 1.67
77 1.32
76 1.52
75 1.74
78 1.29
79 1.45
80 1.36
81 1.69
82 1.59
84 1.17
83 1.65
85 1.48
86 1.39
87 1.19
88 1.86
91 1.37
89 1.94
90 1.78
92 1.65
93 1.51
94 1.54
95 1.67
98 1.49
96 1.83
97 1.73
99 1.68
101 1.3
102 1.35
100 1.97
103 1.55
104 1.64
105 2.04
107 1.51
106 1.76
108 1.65
109 1.63
110 1.66
111 1.48
112 1.51
114 1.37
113 1.76
115 1.83
116 1.74
117 1.58
119 1.47
118 1.76
120 1.63
121 1.6
123 1.6
122 1.71
124 1.62
125 1.57
126 1.65
127 1.88
128 1.66
130 1.81
129 2.56
131 2.04
132 1.77
133 1.42
134 1.23
135 1.22
136 1.15
137 1.1
138 1.23
139 1.23
140 1.24
141 1.33
142 1.26
143 3.53
144 3.43
145 3.6
146 4.66
148 4.9
147 5.18
149 4.91
150 4.51
151 4.23
152 4.23
153 4.22
154 3.88
158 1.98
156 3.22
157 2.74
155 3.65
159 2.07
160 2.65
161 2.77
162 3.13
163 3.08
164 3.39
165 3.47
166 3.76
167 3.8
169 3.43
168 4.02
170 3.32
172 1.53
173 1.76
174 1.39
171 3.21
175 1.37
176 1.37
178 1.22
177 1.23
179 1.25
182 1.16
181 1.23
180 1.53
183 1.26
184 1.01
185 1.01
186 1.16
187 1.05
188 1.05
189 1.0
190 1.03
191 1.07
193 1.01
192 1.06
194 1.11
196 1.0
195 1.06
197 1.0
198 1.07
199 0.95
200 0.95
201 0.94
202 1.02
203 0.9
204 0.9
205 0.94
206 0.93
207 0.91
208 0.92
209 0.9
210 0.99
211 0.95
212 0.93
213 0.93
214 1.02
217 0.98
216 1.04
215 1.04
218 1.21
219 1.4
220 3.33
221 3.77
222 4.32
223 4.71
225 5.31
224 5.91
226 5.23
227 4.65
231 3.54
229 5.1
228 5.28
230 4.43
234 2.63
235 2.26
232 3.19
233 3.24
236 2.85
237 2.88
239 3.52
238 3.71
241 3.34
240 3.86
242 4.08
243 4.05
245 3.59
244 4.04
246 3.04
247 3.78
249 1.93
248 2.38
250 1.52
251 1.71
252 1.37
254 1.3
253 1.43
256 0.96
255 1.31
257 1.1
258 1.35
259 0.97
261 0.86
260 1.07
262 1.13
265 0.65
263 1.08
264 0.83
266 0.8
268 0.84
267 0.97
272 0.63
269 1.51
270 1.02
271 0.75
275 0.72
276 0.87
273 1.05
274 1.08
278 0.75
277 1.18
279 1.07
280 1.06
281 0.81
282 0.86
283 0.73
284 0.97
285 0.75
286 0.71
287 1.04
288 0.78
289 1.13
290 0.89
292 0.79
291 0.94
293 0.89
294 1.01
296 0.85
295 1.03
297 0.73
298 0.68
299 0.95
300 1.06
302 0.76
301 0.87
303 0.86
306 0.9
305 0.96
304 1.1
307 0.89
309 0.85
310 0.95
308 1.14
311 0.71
312 0.97
313 1.09
315 0.99
314 1.19
316 0.96
319 0.66
317 1.05
318 1.08
320 0.98
321 1.04
322 1.01
323 0.87
325 0.68
324 1.0
326 0.93
327 0.97
328 0.81
329 0.8
330 0.75
331 1.0
332 1.09
333 1.1
334 0.99
335 1.08
336 0.74
337 0.94
338 0.91
340 0.79
339 1.08
341 1.07
342 0.98
343 1.08
344 1.0
345 0.73
346 0.83
347 0.85
350 0.74
348 0.97
349 1.06
352 0.74
351 1.18
354 1.07
353 1.29
355 0.95
357 0.72
356 1.14
358 2.13
359 2.17
360 2.55
361 2.89
362 2.76
363 3.21
364 3.23
365 2.95
366 2.91
367 3.16
369 2.39
368 3.01
370 2.5
372 2.07
371 2.53
373 2.09
374 1.75
375 1.48
376 1.87
378 1.52
377 2.2
379 1.99
380 2.44
381 2.47
382 3.34
383 2.81
385 3.0
384 3.54
386 3.73
387 3.86
388 4.11
389 4.78
390 4.2
391 4.0
393 2.32
392 3.77
394 1.93
395 2.03
396 2.34
398 1.88
399 1.68
397 2.18
401 1.69
403 1.53
402 1.8
400 2.23
404 1.3
405 1.55
407 1.31
406 1.72
408 0.92
409 1.13
410 1.04
411 1.14
412 1.22
413 0.95
415 0.79
414 1.19
416 1.21
417 1.16
418 1.11
419 1.13
420 1.13
421 1.02
423 1.36
422 1.74
425 1.01
424 1.34
426 1.17
428 1.18
427 1.49
429 1.19
432 1.05
431 1.18
430 1.61
433 1.43
435 1.1
436 1.12
434 1.22
437 1.35
438 1.02
440 1.13
439 1.59
441 1.15
442 1.26
443 1.29
444 1.12
445 1.28
446 1.21
447 1.4
448 1.56
449 1.26
450 0.92
451 1.32
452 1.07
453 1.0
454 1.73
455 1.25
457 1.08
456 1.25
458 1.38
459 1.49
460 3.35
461 3.28
462 4.11
463 5.05
464 4.77
465 5.65
466 4.34
467 5.3
468 4.36
469 4.05
470 3.98
471 4.11
472 3.57
474 2.58
473 2.96
475 2.35
477 2.23
476 2.43
478 3.06
479 3.03
481 2.97
480 3.48
482 3.36
483 3.24
484 3.46
485 3.16
486 2.99
489 1.13
490 1.06
488 1.91
487 2.93
491 1.48
493 1.06
492 1.56
494 1.18
495 1.21
496 1.05
497 0.86
501 0.65
498 1.21
500 0.94
499 1.17
502 0.7
504 0.67
503 0.83
506 0.62
505 1.15
507 0.79
508 0.75
510 0.78
511 0.68
509 1.18
512 0.91
513 0.6
514 0.82
516 0.8
515 1.05
517 1.03
518 0.93
520 1.16
519 1.26
521 0.98
522 0.92
524 0.77
525 0.77
523 1.03
526 0.92
529 0.72
527 0.9
528 1.07
530 1.07
532 0.88
531 1.0
533 0.99
534 0.8
536 0.7
537 0.83
535 1.26
538 0.78
539 0.93
540 0.91
541 0.84
542 1.02
543 1.06
545 0.79
546 0.78
544 1.06
548 0.87
550 0.83
547 1.14
549 1.12
552 0.83
551 1.03
553 0.89
554 0.98
555 0.82
556 0.89
557 0.88
558 0.93
560 0.76
561 0.89
559 1.52
562 1.14
563 0.88
564 0.99
565 0.78
566 0.92
567 0.87
568 1.06
569 0.81
570 0.86
571 0.99
572 0.78
573 0.85
574 0.81
575 1.21
577 1.11
576 1.34
578 1.1
579 1.09
580 1.02
581 1.33
582 1.22
584 0.9
583 1.13
586 0.89
585 0.97
587 1.0
588 1.06
589 1.03
590 1.15
591 0.92
592 0.96
593 0.88
594 0.98
595 0.89
596 0.89
597 0.8
598 0.76
601 0.85
600 1.1
599 1.28
602 1.16
605 0.75
604 0.8
603 0.82
606 0.73
608 0.61
607 0.61
609 0.64
610 0.64
612 0.62
611 0.62
613 0.63
614 0.65
615 0.62
616 0.62
617 0.66
618 0.7
619 0.65
620 0.65
621 0.64
622 0.66
624 0.64
623 0.74
625 0.72
626 0.73
628 0.64
627 0.75
629 0.64
631 0.67
630 0.75
633 0.67
632 0.73
634 0.64
635 0.65
636 0.64
637 0.66
638 0.63
639 0.63
640 0.64
641 0.65
642 0.65
643 0.64
644 0.66
645 0.74
647 0.7
646 0.77
648 0.83
649 0.77
650 0.69
651 0.65
652 0.73
653 0.97
654 0.7
655 0.7
656 0.69
657 0.68
659 0.74
658 0.76
660 0.71
661 0.76
662 0.64
663 0.69
664 0.67
666 0.68
665 0.83
667 0.65
668 0.65
671 0.67
670 0.69
669 0.75
672 0.72
674 0.66
673 0.71
675 0.71
676 0.65
679 0.62
678 0.67
677 0.73
680 0.64
682 0.64
683 0.65
681 0.69
684 0.67
687 0.66
686 0.69
685 0.73
688 0.77
689 0.68
691 0.69
690 0.72
692 0.73
694 0.75
695 0.82
693 0.89
696 0.88
697 0.91
698 1.69
699 1.77
700 2.08
701 1.89
702 1.96
703 2.04
704 2.02
705 1.96
706 1.97
707 1.97
708 2.02
709 1.74
711 1.49
710 1.72
713 1.36
712 1.45
714 1.19
715 1.16
716 1.21
717 1.33
718 1.42
719 1.58
720 1.67
721 1.89
722 2.04
723 2.24
724 2.35
725 2.83
726 2.81
727 3.1
728 2.95
729 3.57
730 3.35
731 3.31
733 1.78
732 3.36
734 2.39
735 2.07
736 1.94
737 2.09
738 1.52
739 1.79
740 1.94
741 2.1
742 1.61
743 1.4
744 1.42
746 1.42
747 1.3
748 1.06
745 2.28
749 0.89
751 1.12
750 1.46
752 1.31
753 1.35
754 1.04
755 1.2
757 1.14
756 1.36
758 1.39
759 1.59
760 1.24
761 1.26
762 1.26
765 0.98
763 1.31
764 1.5
766 1.21
767 1.51
768 1.37
769 1.21
770 1.36
772 1.14
771 1.21
774 0.99
773 1.56
775 1.38
776 1.45
778 0.98
777 1.38
779 1.09
780 1.36
781 1.52
782 1.21
783 1.25
784 1.06
786 1.29
785 1.49
788 0.88
787 1.31
789 1.11
790 1.42
792 1.39
791 1.65
793 1.43
794 1.18
796 1.55
795 1.6
797 1.16
798 1.33
799 1.31
801 3.75
800 3.97
802 3.78
803 5.23
806 3.97
804 4.52
805 5.58
807 4.67
808 4.48
809 4.46
810 4.24
811 3.76
813 2.78
814 2.2
812 3.4
815 2.49
816 2.6
817 2.49
818 3.01
819 2.77
821 2.91
820 3.33
822 3.05
823 3.06
825 2.51
824 3.07
826 2.62
827 2.73
828 2.33
829 2.92
830 2.76
831 2.44
832 2.9
833 2.29
834 2.73
837 1.26
835 2.53
836 2.22
838 1.24
839 1.04
840 1.02
841 0.69
842 1.12
844 0.81
843 0.95
845 0.84
846 0.65
847 0.94
849 0.71
848 1.17
850 0.78
851 0.88
852 1.03
853 0.84
854 1.01
855 0.77
856 0.91
857 1.07
858 0.98
859 0.9
860 0.63
861 0.6
862 1.01
864 0.79
863 1.08
865 0.87
866 0.74
867 0.89
868 0.75
869 0.97
870 0.89
871 0.72
872 0.9
873 0.79
875 0.79
874 0.83
876 1.01
878 0.8
877 1.2
879 0.96
880 0.8
881 1.01
883 0.86
882 0.98
884 0.92
887 0.65
886 0.77
885 0.84
888 0.87
891 0.63
890 0.72
889 0.91
895 0.57
892 0.88
893 0.73
894 0.88
896 0.56
898 0.74
897 0.91
899 1.07
900 0.71
902 0.66
901 1.0
904 0.85
903 0.96
905 0.69
906 0.6
908 0.72
909 0.75
907 0.95
910 0.77
911 0.61
913 0.88
912 0.99
914 1.05
915 0.74
916 0.94
918 0.71
917 0.89
919 0.79
920 0.77
922 0.8
921 0.93
923 0.77
926 0.74
925 0.86
924 0.97
927 1.03
928 0.72
930 0.76
929 0.83
931 0.7
932 0.79
934 0.78
935 0.66
933 0.95
938 0.59
937 0.76
939 0.7
936 1.04
943 0.53
940 0.9
941 0.8
942 0.85
945 0.69
944 0.77
947 0.68
948 0.55
946 1.24
949 0.71
950 0.69
951 0.71
953 0.65
952 0.98
954 0.98
956 0.55
955 0.89
957 0.6
959 0.67
958 0.86
961 0.61
960 0.68
962 0.6
963 0.77
965 0.71
964 0.88
966 0.77
967 0.63
968 0.82
969 0.76
970 0.51
971 0.67
972 0.55
973 0.62
974 0.89
975 0.73
976 0.6
977 0.9
978 0.67
979 0.64
980 0.94
981 0.58
982 0.53
983 0.75
985 0.61
984 0.75
986 0.89
987 0.93
989 0.61
988 0.88
990 0.94
992 0.65
991 0.74
993 0.9
994 0.77
995 0.73
996 0.81
997 0.79
999 0.65
998 0.78
1000 0.9
1002 0.62
1001 0.88
1003 0.97
1004 0.89
1005 0.69
1006 0.75
1007 0.8
1008 0.57
1009 0.68
1010 0.82
1011 0.86
1013 0.73
1012 0.96
1014 0.79
1016 0.69
1015 0.77
1017 0.76
1018 0.64
1019 0.64
1020 0.69
1021 0.76
1022 1.09
1025 0.56
1023 0.85
1024 0.77
1027 0.64
1028 0.75
1026 0.91
1029 0.92
1030 0.77
1032 0.7
1031 0.91
1033 0.72
1034 0.72
1035 0.81
1036 0.75
1037 0.9
1038 0.67
1039 0.75
1040 0.7
1042 0.61
1041 0.98
1043 0.7
1044 0.69
1045 0.78
1046 0.94
1047 0.79
1048 0.84
1049 0.88
1051 0.58
1052 0.71
1050 0.84
1053 0.67
1054 0.78
1056 0.67
1055 0.77
1058 0.55
1057 0.75
1060 0.74
1059 0.89
1061 0.63
1062 0.87
1064 0.7
1063 0.97
1065 0.85
1066 0.78
1067 0.66
1068 0.88
1069 0.84
1070 0.82
1071 0.71
1072 0.78
1075 0.63
1074 0.77
1073 1.2
1076 0.85
1077 0.9
1078 2.15
1079 2.33
1080 2.13
1081 2.43
1082 2.45
1083 2.41
1084 2.35
1085 2.85
1086 2.75
1087 2.34
1088 2.3
1089 2.64
1092 1.6
1091 2.06
1090 2.32
1094 1.26
1095 1.0
1093 1.96
1096 1.59
1097 1.04
1098 1.76
1099 1.69
1100 1.6
1101 2.09
1102 2.36
1103 2.89
1104 2.72
1105 2.72
1106 3.55
1107 3.78
1109 3.75
1108 4.5
1110 3.65
1113 1.96
1111 3.47
1112 3.19
1115 1.51
1114 1.9
1116 1.67
1117 1.45
1118 1.54
1119 1.67
1120 1.48
1121 1.45
1122 1.25
1123 1.44
1125 1.11
1124 1.43
1127 0.82
1126 1.36
1128 0.96
1129 1.29
1130 0.85
1131 1.19
1132 1.05
1134 0.88
1133 0.98
1135 1.19
1136 1.04
1137 1.04
1138 1.16
1140 0.96
1139 1.39
1141 1.15
1142 1.09
1143 1.08
1145 1.11
1144 1.14
1146 1.25
1148 0.85
1147 1.42
1149 1.18
1150 1.04
1151 1.03
1152 1.05
1153 1.05
1154 0.99
1155 1.14
1156 1.03
1157 1.45
1158 1.41
1159 0.92
1160 1.27
1162 1.08
1161 1.11
1163 0.94
1164 1.17
1166 1.28
1167 1.23
1165 1.42
1168 0.86
1170 1.21
1169 1.26
1171 1.19
1172 1.04
1176 1.04
1173 1.15
1174 1.22
1175 1.25
1179 1.02
1178 1.32
1177 1.34
1180 3.08
1181 3.26
1182 3.56
1183 5.59
1184 4.25
1186 4.0
1185 4.74
1187 3.81
1188 4.05
1190 3.1
1189 3.53
1191 2.65
1192 2.29
1194 1.59
1193 1.96
1195 1.42
1196 1.73
1197 1.77
1198 1.86
1199 2.01
1200 2.28
1201 2.24
1202 2.2
1203 2.5
1205 2.14
1206 2.2
1204 2.61
1208 1.12
1207 2.03
1209 0.98
1210 1.0
1211 0.88
1212 0.87
1213 0.86
1214 0.93
1215 0.76
1217 0.75
1216 0.85
1218 0.75
1219 0.67
1221 0.6
1222 0.58
1220 0.75
1223 0.54
1224 0.57
1225 0.56
1226 0.6
1227 0.56
1229 0.57
1228 0.65
1230 0.61
1231 0.56
1232 0.59
1233 0.59
1234 0.57
1235 0.57
1236 0.58
1237 0.62
1238 0.61
1239 0.61
1240 0.64
1241 0.66
1242 0.87
1243 0.8
1244 0.64
1245 0.87
1246 0.89
1248 0.74
1247 0.93
1249 0.8
1250 0.81
1251 0.72
1253 0.63
1252 0.96
1255 0.75
1254 0.79
1256 0.66
1257 0.65
1258 0.63
1259 0.66
1260 0.63
1261 0.64
1262 0.64
1263 0.64
1264 0.62
1265 0.63
1266 0.63
1267 0.63
1268 0.61
1269 0.63
1270 0.6
1271 0.61
1272 0.6
1273 0.63
1274 0.63
1275 0.6
1276 0.6
1277 0.65
1278 0.63
1279 0.64
1280 0.61
1281 0.63
1282 0.62
1284 0.61
1283 0.65
1285 0.61
1286 0.61
1287 0.61
1288 0.63
1289 0.61
1290 0.62
1292 0.61
1291 0.65
1293 0.61
1294 0.61
1295 0.61
1296 0.7
1297 0.6
1298 0.6
1299 0.59
1300 0.59
1301 0.59
1302 0.6
1303 0.6
1304 0.61
1305 0.63
1306 0.61
1307 0.63
1308 0.61
1309 0.62
1310 0.62
1311 0.6
1312 0.61
1313 0.62
1314 0.64
1315 0.64
1316 0.66
1317 0.66
1318 1.32
1319 1.37
1320 1.58
1321 1.71
1322 1.72
1323 1.86
1324 1.77
1325 1.89
1326 1.87
1327 1.76
1328 1.66
1329 1.69
1330 1.7
1332 1.37
1331 1.61
1333 1.26
1335 0.88
1336 0.94
1334 1.06
1337 1.0
1338 1.14
1339 1.26
1340 1.5
1341 1.64
1342 1.73
1343 1.82
1344 2.19
1345 2.45
1346 2.46
1347 2.71
1348 2.77
1349 2.79
1350 2.57
1351 2.59
1353 1.25
1352 2.35
1354 1.4
1356 1.43
1355 1.47
1357 1.54
1358 1.46
1359 1.56
1361 1.37
1360 2.12
1362 1.66
1363 1.47
1364 1.29
1365 1.51
1366 1.41
1367 0.99
1368 1.18
1370 0.93
1369 1.32
1372 0.98
1371 1.37
1373 1.09
1374 1.16
1375 0.88
1377 0.88
1376 1.4
1379 0.92
1378 1.14
1380 1.17
1381 1.15
1382 1.26
1383 1.41
1384 0.87
1385 1.3
1386 0.96
1387 1.05
1388 1.44
1389 1.31
1390 1.24
1391 1.44
1392 1.07
1393 0.86
1394 1.08
1395 0.99
1397 1.13
1396 1.48
1398 1.22
1399 1.11
1400 1.15
1401 1.2
1402 1.06
1404 0.96
1403 1.52
1405 1.02
1406 1.12
1407 1.12
1409 1.05
1410 1.1
1408 1.41
1411 1.21
1412 1.08
1414 1.11
1413 1.16
1416 1.08
1417 0.91
1415 1.35
1418 1.41
1419 0.98
1420 3.5
1422 3.25
1421 3.99
1423 4.51
1424 4.03
1426 4.59
1425 5.01
1427 4.14
1428 3.68
1429 3.74
1430 3.74
1431 3.13
1434 1.52
1432 2.9
1435 1.94
1433 2.75
1436 2.01
1437 2.02
1438 1.98
1439 1.98
1441 2.19
1440 2.51
1442 2.44
1443 2.25
1444 2.5
1445 2.43
1446 1.99
1447 2.05
1449 0.86
1451 0.71
1450 1.21
1452 0.92
1448 2.28
1454 0.85
1453 1.02
1455 0.68
1457 0.58
1458 0.67
1456 1.03
1459 0.85
1460 0.66
1462 0.54
1461 0.82
1464 0.48
1466 0.45
1463 0.81
1465 0.73
1467 0.72
1468 0.53
1469 0.72
1471 0.47
1470 0.76
1472 0.56
1473 0.58
1474 0.65
1475 0.6
1476 0.66
1477 0.57
1478 0.57
1479 0.64
1480 0.67
1481 0.64
1482 0.59
1483 0.63
1485 0.6
1486 0.51
1484 0.85
1488 0.56
1487 0.97
1489 0.65
1490 0.72
1491 0.65
1492 0.55
1494 0.67
1493 0.89
1496 0.59
1495 0.75
1498 0.57
1497 0.85
1499 0.6
1500 0.68
1502 0.49
1501 0.84
1503 0.62
1504 0.73
1505 0.81
1507 0.61
1506 0.68
1508 0.53
1510 0.64
1509 0.73
1511 0.77
1512 0.64
1513 0.67
1515 0.55
1514 0.7
1516 0.79
1517 0.63
1518 0.75
1519 0.85
1520 0.67
1521 0.54
1522 0.71
1523 0.72
1524 0.69
1526 0.6
1525 0.98
1527 0.62
1528 0.89
1531 0.58
1529 0.81
1530 0.87
1532 0.73
1533 0.48
1534 0.53
1535 0.8
1536 0.58
1537 0.67
1538 1.64
1540 1.51
1539 1.83
1541 1.82
1543 1.61
1542 2.01
1544 2.08
1545 2.37
1546 1.94
1548 1.6
1547 2.4
1549 2.15
1550 1.69
1552 1.55
1551 1.75
1553 1.35
1556 0.67
1554 1.26
1555 0.96
1557 1.04
1558 1.38
1560 1.27
1559 1.47
1561 1.51
1562 1.65
1564 1.97
1563 2.42
1565 2.33
1566 2.66
1567 2.87
1568 3.5
1569 3.35
1570 2.66
1571 2.46
1574 1.43
1573 1.83
1575 1.18
1572 2.68
1576 1.38
1577 1.38
1579 1.34
1578 1.49
1582 0.99
1581 1.08
1580 1.34
1583 1.1
1585 0.86
1587 0.74
1584 1.04
1586 1.2
1589 0.74
1588 0.82
1590 0.76
1591 0.56
1594 0.61
1592 0.72
1593 0.74
1595 0.75
1597 0.63
1596 0.71
1599 0.71
1598 0.9
1600 0.82
1601 0.76
1602 0.87
1603 0.92
1605 0.82
1604 0.88
1606 0.66
1607 0.62
1608 0.74
1611 0.78
1609 0.96
1610 0.95
1612 0.71
1614 0.78
1613 1.03
1615 1.02
1616 0.83
1617 0.8
1618 0.84
1619 0.79
1620 1.05
1621 1.11
1623 0.86
1622 1.03
1624 0.84
1626 0.97
1627 0.87
1625 1.05
1628 0.86
1631 0.89
1630 0.92
1629 1.12
1632 0.94
1634 0.84
1633 0.96
1636 0.93
1635 1.1
1640 0.61
1637 1.03
1638 1.06
1639 0.87
1642 0.76
1641 0.83
1643 0.83
1646 0.76
1644 1.43
1647 0.73
1645 1.14
1648 0.84
1650 2.64
1649 2.69
1651 3.53
1652 3.85
1654 3.36
1653 4.25
1656 3.02
1655 3.91
1657 3.23
1658 3.27
1660 2.65
1659 2.87
1661 1.79
1664 1.43
1663 1.63
1662 1.81
1665 1.28
1666 1.26
1668 1.71
1667 1.74
1669 1.88
1671 2.26
1670 2.74
1672 2.95
1673 3.38
1674 3.29
1675 3.41
1677 2.28
1678 0.97
1676 3.55
1679 1.4
1680 1.57
1682 1.23
1681 1.36
1683 1.11
1685 0.78
1684 1.18
1686 1.22
1687 1.34
1688 1.1
1690 0.76
1689 1.01
1691 0.74
1692 0.84
1693 0.67
1694 0.98
1695 0.86
1696 0.77
1697 0.9
1698 0.7
1699 0.97
1700 0.96
1702 0.68
1701 1.04
1706 0.64
1703 1.02
1705 0.93
1704 1.48
1707 0.83
1709 0.79
1708 0.9
1710 0.89
1711 0.74
1712 0.85
1713 0.89
1715 0.81
1714 1.03
1716 0.88
1717 1.2
1718 0.81
1719 0.9
1720 0.98
1723 0.84
1721 1.23
1722 1.17
1724 0.83
1725 0.88
1726 0.9
1728 0.91
1727 1.21
1731 0.72
1729 1.16
1730 1.14
1732 0.83
1733 0.83
1734 0.93
1735 1.02
1736 1.01
1737 0.98
1738 1.04
1739 1.04
1740 1.02
1742 0.99
1741 1.46
1743 1.26
1744 1.43
1745 1.3
1746 1.2
1747 1.2
1748 1.23
1750 1.08
1751 1.01
1749 1.47
1752 1.02
1753 1.14
1754 1.32
1755 1.18
1756 1.3
1757 1.19
1758 1.12
1759 1.13
1760 1.13
1761 1.35
1762 1.14
1764 1.04
1763 1.57
1765 1.05
1766 1.21
1767 1.11
1768 1.69
1769 1.27
1770 1.06
1771 1.14
1774 0.88
1772 1.03
1773 1.2
1775 1.23
1776 1.21
1778 0.98
1777 1.32
1779 1.42
1780 0.89
1781 1.28
1782 1.63
1783 1.06
1784 1.04
1785 1.14
1787 1.2
1788 1.21
1786 1.39
1789 1.1
1791 0.98
1792 1.14
1790 1.32
1793 1.39
1794 1.15
1795 1.16
1796 1.16
1797 1.01
1798 1.02
1799 0.88
total 635.9
