skipping 0 todo 440
0 2.06
1 2.67
3 2.64
2 2.87
4 1.35
5 1.2
6 1.13
7 1.25
8 1.45
9 1.0
10 1.06
11 1.15
12 1.01
13 0.86
14 0.94
15 0.93
17 0.83
16 0.85
18 0.8
19 0.77
21 0.84
20 0.88
22 0.83
23 0.84
25 0.9
24 1.0
26 0.92
27 0.93
28 0.92
29 0.91
30 0.89
31 0.84
33 0.83
32 0.88
34 0.88
35 0.91
36 0.89
37 0.89
38 0.92
39 0.89
40 0.93
41 0.94
42 0.96
43 0.9
44 0.92
45 0.96
46 0.98
47 1.0
48 0.93
49 1.01
50 1.09
51 0.93
52 0.91
53 1.04
54 1.0
55 0.97
56 0.95
57 3.05
58 3.14
59 4.04
60 4.72
62 4.45
61 4.97
63 4.14
64 3.4
68 1.98
66 3.23
65 3.44
67 3.09
69 2.17
71 2.17
70 2.63
72 3.25
73 2.66
74 3.2
75 3.15
76 2.85
77 2.73
79 2.46
78 2.95
80 2.31
81 2.16
82 2.51
83 2.44
84 2.04
85 1.98
88 0.81
89 0.77
90 0.67
87 1.63
86 1.71
91 0.68
92 0.62
93 0.65
94 0.62
95 0.71
96 0.62
97 0.64
98 0.64
99 0.63
100 0.66
101 0.64
102 0.7
103 0.71
104 0.69
105 0.68
106 0.67
107 0.72
108 0.66
109 0.7
110 0.73
111 0.67
112 0.66
113 0.64
114 0.65
115 0.63
116 0.66
117 0.63
118 0.67
119 0.63
120 0.63
121 0.66
122 0.63
123 0.63
124 0.68
125 0.66
126 0.63
127 0.69
128 0.67
129 0.64
130 0.62
131 0.63
132 0.66
133 0.66
134 0.73
135 0.82
136 0.91
137 0.87
138 0.92
139 0.89
141 0.82
140 0.92
142 0.81
143 0.7
144 0.7
145 0.73
146 0.66
147 0.64
149 0.66
150 0.66
148 0.83
151 0.65
152 0.7
153 0.63
154 0.65
155 0.63
157 0.63
156 0.71
158 0.7
159 0.61
160 0.61
161 0.6
162 0.62
163 0.61
165 0.67
164 0.74
166 0.74
167 0.73
168 0.7
169 0.7
171 0.58
170 0.69
172 0.59
173 0.59
174 0.62
175 0.62
176 0.63
177 0.64
178 0.62
179 0.61
180 0.62
181 0.63
182 0.61
183 0.61
185 0.63
184 0.69
187 0.62
186 0.67
188 0.58
190 0.55
189 0.64
191 0.59
192 0.58
193 0.55
194 0.59
195 0.57
196 0.55
197 0.56
198 0.55
199 0.58
200 0.59
201 0.69
202 0.65
203 0.62
204 0.62
205 1.37
206 1.56
207 1.85
208 2.19
209 2.04
210 1.94
211 2.02
212 1.83
214 1.34
215 1.13
213 1.65
216 1.34
217 1.55
218 1.6
219 1.65
220 1.73
221 1.8
222 1.87
223 1.96
226 0.72
224 1.65
227 0.89
225 1.65
228 0.72
229 0.73
230 0.67
231 0.57
232 0.56
233 0.56
234 0.58
235 0.52
236 0.45
237 0.47
238 0.47
239 0.44
240 0.45
241 0.45
242 0.51
243 0.46
244 0.51
245 0.53
246 0.5
247 0.45
248 0.46
249 0.46
251 0.45
250 0.5
252 0.46
253 0.47
254 0.47
255 0.5
256 0.47
257 0.47
258 0.47
259 0.48
260 0.45
261 0.49
262 0.46
263 0.49
264 0.49
265 0.53
266 0.5
267 0.47
268 0.53
269 0.58
271 0.52
270 0.65
272 0.55
273 0.53
274 0.53
276 0.47
275 0.67
277 0.55
278 0.58
279 0.56
280 0.51
281 0.56
282 0.5
283 0.56
284 0.54
285 0.51
286 0.49
287 0.58
288 0.48
289 0.49
290 0.48
292 0.47
291 0.51
293 1.28
294 1.45
295 1.65
296 2.05
297 1.92
298 1.71
299 1.55
300 1.29
302 0.66
301 0.98
303 0.83
304 1.0
305 1.24
306 1.41
307 1.82
308 2.1
309 2.5
312 1.12
310 2.5
311 2.25
313 0.96
315 0.82
314 0.95
316 0.8
317 0.78
319 0.71
318 0.72
320 0.77
323 0.63
321 0.78
322 0.68
324 0.6
325 0.62
326 0.61
327 0.62
328 0.59
330 0.64
329 0.72
331 0.7
332 0.62
333 0.69
334 0.69
335 0.69
336 0.79
337 0.72
338 0.69
339 0.69
340 0.68
341 2.23
343 2.48
342 2.6
344 2.54
348 0.94
347 1.39
346 1.74
345 2.15
349 0.84
350 1.08
351 1.35
352 1.78
353 2.08
356 1.08
354 2.33
357 0.88
355 2.08
358 0.88
359 0.81
360 0.83
361 0.79
362 0.76
363 0.71
365 0.68
364 0.71
366 0.67
367 0.65
368 0.51
369 0.53
370 0.49
371 0.5
372 0.49
373 0.51
374 0.53
375 0.53
376 0.53
377 0.54
378 0.51
379 0.51
380 0.58
381 0.65
382 0.63
383 0.61
384 0.59
385 0.64
386 0.61
387 0.59
388 0.59
389 0.61
390 0.61
391 0.6
392 0.58
393 0.69
394 0.59
395 0.58
396 0.58
397 0.62
398 0.61
399 0.6
400 0.75
401 0.76
402 0.76
403 0.76
404 0.73
405 0.74
407 0.73
406 0.76
408 0.75
409 0.79
410 0.76
411 0.78
412 0.78
413 0.77
414 0.75
415 0.76
416 0.76
417 0.79
418 0.77
419 0.78
420 0.85
422 0.77
421 0.8
423 0.79
424 0.8
425 0.79
426 0.85
427 0.79
428 0.78
429 0.77
431 0.76
430 0.91
432 0.79
433 0.78
434 0.79
435 0.88
436 0.82
437 0.76
438 0.74
439 0.69
total 112.7
